[gd_scene load_steps=2 format=3 uid="uid://dg1dkxibqucgk"]

[ext_resource type="Script" path="res://Scripts/InteractionSystem/Prop_Puzzle.gd" id="1_6erng"]

[node name="CombinationLock" type="CSGBox3D"]
use_collision = true
collision_layer = 2
size = Vector3(0.1, 0.2, 0.05)
script = ExtResource("1_6erng")

[node name="RotatingPin" type="CSGCylinder3D" parent="."]
transform = Transform3D(0.951057, 0, 0.309017, 0, 1, 0, -0.309017, 0, 0.951057, 0.0360575, 0.06, 0)
radius = 0.02
height = 0.04
sides = 10

[node name="0" type="Label3D" parent="RotatingPin"]
transform = Transform3D(-0.309017, 0, -0.951057, 0, 1, 0, 0.951057, 0, -0.309017, 0.0182333, 0, 0.00636755)
pixel_size = 0.0005
text = "0"

[node name="1" type="Label3D" parent="RotatingPin"]
transform = Transform3D(-0.292372, 0, 0.956305, 0, 1, 0, -0.956305, 0, -0.292372, 0.0183441, -1.86265e-09, -0.00610173)
pixel_size = 0.0005
text = "1"

[node name="2" type="Label3D" parent="RotatingPin"]
transform = Transform3D(-0.807713, 0, 0.589577, 0, 1, 0, -0.589577, 0, -0.807713, 0.0113138, 0, -0.0153342)
pixel_size = 0.0005
text = "2"

[node name="3" type="Label3D" parent="RotatingPin"]
transform = Transform3D(-0.999998, 0, 0.00191957, 0, 1, 0, -0.00191957, 0, -0.999998, -0.000696622, 0, -0.0191138)
pixel_size = 0.0005
text = "3"

[node name="4" type="Label3D" parent="RotatingPin"]
transform = Transform3D(-0.807929, 0, -0.589281, 0, 1, 0, 0.589281, 0, -0.807929, -0.0114885, 0, -0.0151882)
pixel_size = 0.0005
text = "4"

[node name="5" type="Label3D" parent="RotatingPin"]
transform = Transform3D(-0.329163, 0, -0.944273, 0, 1, 0, 0.944273, 0, -0.329163, -0.0182065, 3.72529e-09, -0.00596646)
pixel_size = 0.0005
text = "5"

[node name="6" type="Label3D" parent="RotatingPin"]
transform = Transform3D(0.303202, 0, -0.952927, 0, 1, 0, 0.952927, 0, 0.303202, -0.0182249, -1.86265e-09, 0.00558875)
pixel_size = 0.0005
text = "6"

[node name="7" type="Label3D" parent="RotatingPin"]
transform = Transform3D(0.810267, 0, -0.586061, 0, 1, 0, 0.586061, 0, 0.810267, -0.011078, 0, 0.0156562)
pixel_size = 0.0005
text = "7"

[node name="8" type="Label3D" parent="RotatingPin"]
transform = Transform3D(-0.999944, 0, 0.0105939, 0, 1, 0, -0.0105939, 0, -0.999944, 0.000177205, 0, 0.0190956)
pixel_size = 0.0005
text = "8"

[node name="9" type="Label3D" parent="RotatingPin"]
transform = Transform3D(0.809438, 0, 0.587206, 0, 1, 0, -0.587206, 0, 0.809438, 0.0111709, 0, 0.0154663)
pixel_size = 0.0005
text = "9"

[node name="RotatingPin2" type="CSGCylinder3D" parent="."]
transform = Transform3D(0.951057, 0, 0.309017, 0, 1, 0, -0.309017, 0, 0.951057, 0.0360575, 0.00406675, 0)
radius = 0.02
height = 0.04
sides = 10

[node name="0" type="Label3D" parent="RotatingPin2"]
transform = Transform3D(-0.309017, 0, -0.951057, 0, 1, 0, 0.951057, 0, -0.309017, 0.0182333, 0, 0.00636755)
pixel_size = 0.0005
text = "0"

[node name="1" type="Label3D" parent="RotatingPin2"]
transform = Transform3D(-0.292372, 0, 0.956305, 0, 1, 0, -0.956305, 0, -0.292372, 0.0183441, -1.86265e-09, -0.00610173)
pixel_size = 0.0005
text = "1"

[node name="2" type="Label3D" parent="RotatingPin2"]
transform = Transform3D(-0.807713, 0, 0.589577, 0, 1, 0, -0.589577, 0, -0.807713, 0.0113138, 0, -0.0153342)
pixel_size = 0.0005
text = "2"

[node name="3" type="Label3D" parent="RotatingPin2"]
transform = Transform3D(-0.999998, 0, 0.00191957, 0, 1, 0, -0.00191957, 0, -0.999998, -0.000696622, 0, -0.0191138)
pixel_size = 0.0005
text = "3"

[node name="4" type="Label3D" parent="RotatingPin2"]
transform = Transform3D(-0.807929, 0, -0.589281, 0, 1, 0, 0.589281, 0, -0.807929, -0.0114885, 0, -0.0151882)
pixel_size = 0.0005
text = "4"

[node name="5" type="Label3D" parent="RotatingPin2"]
transform = Transform3D(-0.329163, 0, -0.944273, 0, 1, 0, 0.944273, 0, -0.329163, -0.0182065, 3.72529e-09, -0.00596646)
pixel_size = 0.0005
text = "5"

[node name="6" type="Label3D" parent="RotatingPin2"]
transform = Transform3D(0.303202, 0, -0.952927, 0, 1, 0, 0.952927, 0, 0.303202, -0.0182249, -1.86265e-09, 0.00558875)
pixel_size = 0.0005
text = "6"

[node name="7" type="Label3D" parent="RotatingPin2"]
transform = Transform3D(0.810267, 0, -0.586061, 0, 1, 0, 0.586061, 0, 0.810267, -0.011078, 0, 0.0156562)
pixel_size = 0.0005
text = "7"

[node name="8" type="Label3D" parent="RotatingPin2"]
transform = Transform3D(-0.999944, 0, 0.0105939, 0, 1, 0, -0.0105939, 0, -0.999944, 0.000177205, 0, 0.0190956)
pixel_size = 0.0005
text = "8"

[node name="9" type="Label3D" parent="RotatingPin2"]
transform = Transform3D(0.809438, 0, 0.587206, 0, 1, 0, -0.587206, 0, 0.809438, 0.0111709, 0, 0.0154663)
pixel_size = 0.0005
text = "9"

[node name="RotatingPin3" type="CSGCylinder3D" parent="."]
transform = Transform3D(0.951057, 0, 0.309017, 0, 1, 0, -0.309017, 0, 0.951057, 0.0360575, -0.051458, 0)
radius = 0.02
height = 0.04
sides = 10

[node name="0" type="Label3D" parent="RotatingPin3"]
transform = Transform3D(-0.309017, 0, -0.951057, 0, 1, 0, 0.951057, 0, -0.309017, 0.0182333, 0, 0.00636755)
pixel_size = 0.0005
text = "0"

[node name="1" type="Label3D" parent="RotatingPin3"]
transform = Transform3D(-0.292372, 0, 0.956305, 0, 1, 0, -0.956305, 0, -0.292372, 0.0183441, -1.86265e-09, -0.00610173)
pixel_size = 0.0005
text = "1"

[node name="2" type="Label3D" parent="RotatingPin3"]
transform = Transform3D(-0.807713, 0, 0.589577, 0, 1, 0, -0.589577, 0, -0.807713, 0.0113138, 0, -0.0153342)
pixel_size = 0.0005
text = "2"

[node name="3" type="Label3D" parent="RotatingPin3"]
transform = Transform3D(-0.999998, 0, 0.00191957, 0, 1, 0, -0.00191957, 0, -0.999998, -0.000696622, 0, -0.0191138)
pixel_size = 0.0005
text = "3"

[node name="4" type="Label3D" parent="RotatingPin3"]
transform = Transform3D(-0.807929, 0, -0.589281, 0, 1, 0, 0.589281, 0, -0.807929, -0.0114885, 0, -0.0151882)
pixel_size = 0.0005
text = "4"

[node name="5" type="Label3D" parent="RotatingPin3"]
transform = Transform3D(-0.329163, 0, -0.944273, 0, 1, 0, 0.944273, 0, -0.329163, -0.0182065, 3.72529e-09, -0.00596646)
pixel_size = 0.0005
text = "5"

[node name="6" type="Label3D" parent="RotatingPin3"]
transform = Transform3D(0.303202, 0, -0.952927, 0, 1, 0, 0.952927, 0, 0.303202, -0.0182249, -1.86265e-09, 0.00558875)
pixel_size = 0.0005
text = "6"

[node name="7" type="Label3D" parent="RotatingPin3"]
transform = Transform3D(0.810267, 0, -0.586061, 0, 1, 0, 0.586061, 0, 0.810267, -0.011078, 0, 0.0156562)
pixel_size = 0.0005
text = "7"

[node name="8" type="Label3D" parent="RotatingPin3"]
transform = Transform3D(-0.999944, 0, 0.0105939, 0, 1, 0, -0.0105939, 0, -0.999944, 0.000177205, 0, 0.0190956)
pixel_size = 0.0005
text = "8"

[node name="9" type="Label3D" parent="RotatingPin3"]
transform = Transform3D(0.809438, 0, 0.587206, 0, 1, 0, -0.587206, 0, 0.809438, 0.0111709, 0, 0.0154663)
pixel_size = 0.0005
text = "9"
